10.4 192.6 0.962414 22.077497 -9.409878
100.1 349.9 0.980202 20.736164 -7.910688
100.2 224.1 12.315419 24.87735 -10.311644
100.5 330.2 1.162075 18.726789 -7.908212
100.6 87.7 0.828313 20.629446 -7.907772
100.7 175.3 0.912871 17.556664 -7.907372
100.8 124.3 1.051117 20.764822 -7.90668
100.8 83.8 0.875003 19.661278 -7.90681
100.8 87.4 1.123316 18.632196 -7.90703
100.9 99.2 1.116062 20.209377 -7.906598
101.0 141.7 0.872898 21.184845 -7.90593
101.0 267.8 5.306989 30.361456 -12.424228
101.0 296.3 1.072686 20.386425 -7.906141
101.3 134.0 1.072316 21.088329 -7.904838
101.3 272.9 0.93863 21.058928 -7.904675
101.3 34.2 1.074411 18.364479 -7.904813
101.5 240.8 1.094527 19.939804 -7.903958
101.7 121.1 0.883026 20.489233 -7.902931
101.7 282.4 8.72853 24.80583 -9.767106
101.8 205.8 1.060309 18.673054 -7.902727
101.8 344.5 0.880757 20.101391 -7.902605
102.2 290.7 0.919134 19.449974 -7.901024
102.3 41.3 1.008588 20.478334 -7.900568
102.5 204.9 1.051362 20.451649 -7.900046
102.7 257.2 1.058657 21.508554 -7.89928
102.8 238.7 0.805368 20.41349 -7.899035
102.9 115.2 1.002351 19.905495 -7.898808
102.9 286.0 1.058807 18.734911 -7.898824
103.2 291.0 1.131978 19.898388 -7.898189
103.2 67.7 1.073053 20.595198 -7.897976
103.4 345.9 1.103569 18.542755 -7.897577
103.7 116.6 1.243636 19.122686 -7.897031
103.8 336.8 0.922822 19.889105 -7.896738
103.9 111.2 1.00263 19.347155 -7.896542
103.9 219.8 1.03461 19.698488 -7.896607
104.0 245.9 1.056183 20.266548 -7.896428
104.0 86.5 1.048055 22.003227 -7.896428
104.1 54.2 0.956202 19.895269 -7.896314
104.2 301.1 0.988175 19.362328 -7.89607
104.3 146.8 1.032616 20.179968 -7.896037
104.6 196.0 0.999294 17.645155 -7.895695
104.6 232.3 1.09983 19.27146 -7.895662
104.6 30.0 0.857848 17.839432 -7.895703
104.6 4.8 0.902978 19.782223 -7.895711
104.9 216.0 0.899696 20.903515 -7.895467
104.9 95.2 1.16377 18.893398 -7.895458
105.0 359.4 1.098396 19.624073 -7.895467
105.2 283.2 0.962099 20.315592 -7.895369
105.2 285.1 1.024497 20.082861 -7.895385
105.4 3.3 0.82451 18.857828 -7.895385
105.6 189.7 1.231567 18.637112 -7.895426
105.7 14.3 1.089268 19.926065 -7.895499
105.7 206.8 1.066383 19.522964 -7.895515
105.8 179.2 0.903211 21.024141 -7.895548
105.8 99.1 1.01536 20.245495 -7.895532
106.0 103.4 1.081444 20.44622 -7.895711
106.0 273.3 10.684588 19.778059 -7.028725
106.2 332.7 1.046893 18.772772 -7.895964
106.3 248.2 10.479461 25.644632 -10.554983
106.4 209.9 0.950095 21.035446 -7.8962
106.6 146.4 1.03411 20.343586 -7.896444
106.6 272.5 1.089071 18.961288 -7.896542
106.7 27.9 1.016062 20.752333 -7.896673
106.8 71.6 0.950321 21.417452 -7.896901
107.0 220.9 1.018801 20.337774 -7.897292
107.2 283.8 0.944386 19.987265 -7.897928
107.3 7.4 1.169776 19.801384 -7.898058
107.9 329.4 0.914809 20.105497 -7.900193
108.0 200.5 1.018919 20.084734 -7.900486
108.1 1.6 0.93826 19.355461 -7.900812
108.1 158.7 16.706583 16.854362 -6.884197
108.1 179.8 1.128829 21.505493 -7.900731
108.1 204.0 1.077946 18.757027 -7.900723
108.1 63.0 0.955167 21.589628 -7.900796
108.3 92.2 14.883591 18.660004 -7.899329
108.6 125.9 10.232296 23.773947 -9.148479
108.6 352.8 1.059934 21.743946 -7.903126
108.8 355.3 0.939393 20.363123 -7.904153
108.9 169.0 0.869048 19.109297 -7.904544
108.9 294.6 0.828541 20.831257 -7.904479
109.0 302.7 0.987975 19.936691 -7.905066
109.1 356.1 1.028665 19.168793 -7.905864
109.2 96.3 0.970729 21.160093 -7.90606
109.3 273.2 1.135593 17.151558 -7.906981
109.3 331.9 0.958581 21.730394 -7.906581
109.4 222.2 0.81081 17.141243 -7.907396
109.7 151.0 1.005724 19.713932 -7.909678
11.1 239.6 0.824137 19.794413 -9.411296
11.3 43.8 0.961165 19.201534 -9.411549
11.5 108.1 0.966108 22.929455 -9.411932
11.6 273.6 0.981558 18.992149 -9.412249
11.9 303.0 17.744432 15.313068 -7.609247
110.0 33.8 0.822745 19.811628 -7.911129
110.1 343.2 1.162741 21.172861 -7.912384
110.3 191.5 0.844422 19.299416 -7.913426
110.6 336.1 1.045802 19.253645 -7.916164
110.9 24.5 0.938726 19.422087 -7.918185
111.0 122.0 1.054365 19.641039 -7.919701
111.0 89.5 10.704933 19.982361 -8.387199
111.2 195.2 1.011651 21.821827 -7.921234
111.4 328.7 1.05908 19.446218 -7.923368
111.5 119.1 1.007621 18.570545 -7.92415
111.7 175.7 0.951798 19.754 -7.926432
111.7 257.8 0.875517 20.557682 -7.926563
111.8 144.6 0.970653 18.45726 -7.926644
111.9 135.2 1.09074 20.989958 -7.927964
111.9 188.7 0.78503 18.281416 -7.927875
112.0 125.4 0.992965 18.339193 -7.929178
112.0 213.5 1.011552 20.726244 -7.928877
112.3 111.5 1.034665 20.135759 -7.932626
112.3 124.7 0.931965 19.95923 -7.93199
112.6 174.0 0.956868 18.738974 -7.935869
112.7 238.2 0.842245 19.613503 -7.936862
112.7 317.5 0.925824 20.576233 -7.937596
112.7 52.2 1.246321 18.827339 -7.937116
112.8 162.7 1.009644 21.010775 -7.938378
112.8 235.3 0.970505 19.871687 -7.938199
112.9 140.4 1.021119 19.658875 -7.94022
113.0 2.8 0.969025 18.401127 -7.94053
113.2 305.2 1.186786 19.843327 -7.943773
113.2 89.6 1.003471 20.141424 -7.943822
113.3 63.9 0.725702 20.877455 -7.94537
113.3 76.1 0.971187 19.681942 -7.945093
113.6 260.6 0.977794 19.21512 -7.948483
113.7 20.0 0.987595 19.622536 -7.950585
113.9 19.8 0.868571 19.129562 -7.953226
113.9 27.2 1.006931 20.43923 -7.953503
113.9 322.1 1.028758 21.807341 -7.952867
113.9 4.3 0.997236 19.936045 -7.952932
113.9 58.1 1.010047 20.56263 -7.953421
114.0 198.0 0.910681 20.305424 -7.953763
114.0 204.9 1.004844 20.220556 -7.9551
114.2 177.3 0.719367 20.24654 -7.95774
114.3 248.4 0.817333 21.953104 -7.958148
114.3 280.1 0.998332 19.835955 -7.958946
114.3 69.6 1.112314 20.856443 -7.958653
114.4 104.5 1.059657 18.924759 -7.96003
114.4 307.0 1.047029 20.5693 -7.960266
114.6 278.2 1.046739 18.979586 -7.962947
114.7 245.7 1.014282 19.641567 -7.964813
114.7 67.0 0.999116 20.74272 -7.964455
114.8 31.4 17.378407 16.935061 -7.212269
115.2 302.1 0.951848 19.92345 -7.972588
115.3 264.7 0.868981 19.227146 -7.974836
115.4 199.7 1.074223 18.284828 -7.977061
116.0 42.2 0.786444 20.066286 -7.988314
116.4 82.0 0.930946 19.035608 -7.994068
116.7 239.7 0.911877 19.40238 -8.000016
116.8 153.4 1.115944 20.082066 -8.003651
116.8 350.3 0.999553 18.430204 -8.003211
116.9 314.2 18.314322 13.291889 -4.389661
117.1 124.4 1.110715 20.747639 -8.008817
117.1 238.4 13.979493 21.34329 -8.62037
117.3 328.5 1.099153 19.704491 -8.012272
118.0 160.6 1.256363 20.512684 -8.029336
118.0 335.9 7.355235 22.564093 -10.401818
118.2 105.6 0.947488 18.545414 -8.033353
118.7 107.1 1.003244 19.770884 -8.044965
118.8 274.1 0.904844 19.482025 -8.047328
118.9 166.3 0.983992 20.187618 -8.048974
119.3 136.4 1.006485 19.422998 -8.059796
119.4 16.6 1.0917 20.400394 -8.062452
119.5 133.7 14.115351 21.46373 -8.412526
119.5 347.7 0.957853 21.437702 -8.063479
119.5 82.4 1.027977 17.312773 -8.063756
119.8 146.7 1.025408 20.052042 -8.072362
119.8 156.1 18.168173 12.888289 -4.614536
119.8 234.4 1.001184 20.112547 -8.073551
119.9 127.7 1.015682 19.341421 -8.075002
119.9 152.4 0.960326 18.365818 -8.075206
12.2 145.5 0.981685 22.010389 -9.413202
12.3 117.1 1.005145 20.265636 -9.413414
12.3 184.1 0.917387 20.191729 -9.413324
12.3 287.0 1.044159 21.584734 -9.413349
12.7 51.2 1.015079 18.326725 -9.414018
120.0 66.0 19.548439 14.098619 -5.234124
120.2 352.4 1.100206 20.721695 -8.083346
120.2 9.7 0.793604 20.981657 -8.083704
120.7 19.1 0.978329 20.869051 -8.095602
120.7 320.5 1.129794 19.186775 -8.096832
120.8 93.5 0.968892 20.147827 -8.099448
121.0 116.3 0.79561 19.747583 -8.104826
121.0 239.6 1.037826 19.134193 -8.106423
121.1 329.1 1.076341 19.00396 -8.107923
121.2 118.3 1.093868 18.690147 -8.110393
121.3 102.4 1.113457 19.679094 -8.112372
121.4 227.3 1.014963 20.625565 -8.117001
121.6 220.4 1.042439 21.431955 -8.122021
121.7 196.7 0.842 18.572256 -8.12695
121.7 45.1 1.240998 19.494221 -8.125443
121.8 61.0 0.945231 19.375214 -8.127651
122.1 102.7 0.982455 20.899467 -8.137927
122.2 127.3 1.024225 19.26969 -8.14073
122.3 319.7 0.852034 20.948553 -8.143305
122.3 324.3 8.206037 27.021673 -10.763952
122.4 130.9 0.991079 19.519348 -8.147787
122.4 332.3 0.983534 19.426092 -8.14733
122.8 351.8 0.877668 21.394604 -8.158316
122.9 140.1 9.606359 21.813425 -8.862178
122.9 183.9 1.054929 20.997578 -8.161412
123.1 95.7 0.900181 19.222893 -8.168737
123.2 312.1 0.976533 19.764408 -8.171435
123.3 124.6 0.931691 21.327137 -8.176829
123.5 287.9 1.136672 18.701908 -8.183854
123.6 149.2 0.928418 19.126057 -8.18554
123.7 203.0 0.872977 18.990477 -8.187292
123.8 42.4 0.86444 17.570555 -8.193363
124.0 339.2 0.876911 20.496548 -8.19743
124.3 23.7 1.061074 18.700184 -8.210468
124.6 191.9 0.957483 20.417217 -8.218307
124.8 215.7 0.929782 20.40345 -8.22701
125.1 299.4 0.89045 21.281919 -8.237799
125.2 221.7 1.020979 18.793188 -8.240211
125.3 86.5 0.990111 19.710831 -8.245019
125.5 116.0 0.944106 18.875906 -8.253371
125.7 273.3 0.891705 20.747349 -8.257895
125.7 33.3 0.892314 21.232536 -8.258774
125.9 224.0 0.908826 17.966717 -8.266776
126.0 320.5 0.827298 19.858578 -8.271632
126.0 335.8 1.150472 20.349457 -8.27235
126.1 171.4 0.920214 21.739193 -8.275283
126.9 97.5 1.043729 19.831949 -8.306102
127.1 128.3 0.81254 19.566502 -8.313787
127.1 78.3 1.01719 19.12608 -8.313078
127.2 64.9 1.104765 18.721104 -8.31765
127.4 144.9 0.96702 20.203867 -8.325041
127.6 71.7 1.005123 19.286224 -8.331779
127.7 311.0 0.827948 18.689465 -8.338217
127.8 301.6 0.997345 20.247074 -8.340051
127.8 50.8 0.950516 19.393867 -8.339895
128.0 182.2 0.947273 19.437429 -8.34987
128.0 276.8 1.019184 18.614946 -8.347939
128.0 69.0 1.090994 19.205061 -8.347295
128.1 11.1 0.945709 20.457653 -8.354164
128.1 210.5 9.080642 25.765324 -11.956615
128.2 339.7 1.057728 18.570538 -8.356258
128.3 270.8 0.941078 21.608126 -8.36246
128.3 290.3 1.104902 19.29352 -8.359282
128.6 185.6 0.96891 22.362064 -8.370951
128.6 271.3 19.19243 21.248594 -9.22477
128.7 71.6 1.171759 19.078714 -8.375555
128.8 24.4 0.823601 18.961903 -8.381325
128.8 341.5 12.936495 20.333361 -7.989814
129.6 147.3 0.83735 20.04657 -8.414971
129.6 303.1 0.957928 18.915537 -8.416528
129.8 177.3 1.075792 20.874805 -8.424472
129.9 321.6 0.979655 20.924425 -8.428547
13.3 158.9 1.059308 20.223551 -9.414832
13.4 312.8 10.327053 20.676804 -9.855114
13.5 22.9 0.964802 19.156717 -9.414995
13.6 300.7 1.16271 19.553293 -9.41515
13.7 216.4 0.915232 20.34573 -9.415199
13.9 342.7 0.982972 18.448362 -9.415427
130.2 170.4 1.055021 18.722593 -8.438985
130.5 297.7 0.90162 18.75243 -8.451559
130.6 198.4 1.035723 18.458092 -8.456449
130.6 220.1 0.955656 21.198471 -8.456513
130.7 222.0 0.859149 20.540102 -8.462348
130.8 187.4 1.124879 18.867687 -8.46467
130.9 180.9 8.402776 25.1397 -11.400897
131.3 205.9 0.859015 20.446606 -8.487708
131.5 114.7 17.362806 15.862309 -6.904487
131.5 60.1 0.915165 20.674166 -8.498268
132.0 202.4 0.919629 22.555374 -8.517874
132.0 292.7 1.143234 21.092459 -8.519699
132.1 183.7 13.120716 14.466737 -6.43091
132.2 346.9 1.061985 20.337297 -8.525811
132.5 57.7 0.84391 20.398903 -8.541131
132.8 72.6 1.085587 18.368929 -8.555213
132.9 12.2 1.149667 18.303766 -8.560477
132.9 33.9 0.998771 19.999962 -8.557657
133.0 244.2 1.157961 20.231874 -8.564387
133.0 274.3 0.859581 20.39679 -8.563442
133.1 131.2 1.080931 20.788185 -8.569554
133.3 105.3 0.937428 19.805904 -8.578021
133.4 125.3 0.819173 21.194511 -8.583978
133.6 169.3 0.974468 19.618132 -8.592665
133.6 294.7 0.987969 20.775421 -8.590628
133.7 96.5 0.981901 21.922543 -8.59374
133.8 190.0 1.007718 21.78133 -8.601921
134.0 221.9 0.848175 19.207098 -8.608612
134.2 35.6 1.087051 19.034014 -8.617298
134.3 274.2 0.778434 18.41132 -8.624689
134.3 37.8 12.909648 20.627861 -9.1954
134.7 168.1 0.993525 21.795252 -8.643952
135.0 307.1 0.895094 22.351713 -8.657921
135.1 314.7 1.135945 20.355242 -8.662728
135.2 253.4 1.032736 19.566837 -8.663046
135.2 297.5 1.088955 19.031811 -8.663714
135.2 59.9 1.067883 22.448574 -8.666982
135.4 208.5 16.65587 21.418312 -9.338119
135.8 277.7 15.84485 20.096355 -9.040915
136.0 127.3 14.342452 20.382744 -8.145619
136.0 186.1 1.001734 21.061758 -8.700799
136.0 99.6 12.905079 19.775723 -7.881777
136.4 59.3 0.994949 19.894484 -8.718923
136.8 352.0 0.966033 20.251593 -8.739181
136.9 153.7 0.973324 18.933931 -8.743075
137.1 5.2 0.941089 19.78096 -8.752912
137.2 159.7 0.994716 19.274273 -8.757026
137.8 200.4 0.962125 21.516371 -8.78439
138.4 192.9 1.126271 20.816698 -8.815861
138.4 199.8 0.979456 20.738932 -8.813252
138.6 258.4 1.104026 19.219345 -8.822861
139.2 317.8 1.019411 21.246679 -8.84945
139.2 357.2 0.972928 19.616385 -8.849565
139.4 42.0 0.958355 20.160133 -8.861168
139.6 213.2 10.945246 26.242607 -9.909466
139.9 272.6 0.759287 20.025915 -8.883635
14.0 253.5 0.955712 20.310053 -9.415558
14.2 350.0 0.860784 20.517773 -9.415705
14.3 209.4 13.790704 16.027452 -6.564926
14.3 347.8 1.292497 20.769014 -9.41577
14.5 311.0 0.942459 19.580492 -9.415899
140.3 62.0 1.011328 20.865705 -8.900999
140.4 270.5 0.893811 19.990219 -8.907323
140.6 141.6 1.122785 19.493128 -8.914731
141.0 159.5 0.874906 22.661606 -8.933481
141.0 269.3 0.966635 19.128332 -8.933505
141.3 139.3 0.973842 20.303988 -8.949592
141.3 29.5 1.058219 19.446903 -8.945859
142.1 44.3 12.107757 21.294937 -10.325219
142.4 115.9 1.021839 20.640432 -8.997018
142.5 99.7 0.907938 19.686487 -9.002338
142.7 193.6 1.129716 18.72567 -9.012175
142.9 338.0 9.412565 23.49107 -10.034339
143.2 69.5 0.978248 19.844788 -9.032743
143.5 228.8 1.115576 19.35627 -9.048298
143.6 49.1 8.451126 27.501152 -11.558953
143.7 157.2 1.048983 20.939718 -9.054557
143.9 17.7 1.011556 20.960491 -9.065443
144.2 121.7 0.885718 22.693274 -9.078823
144.2 288.1 0.935116 21.287006 -9.076053
144.6 3.5 0.848555 20.796978 -9.092978
144.9 133.5 0.899871 20.885204 -9.105193
144.9 44.3 10.886435 19.093151 -9.223433
145.0 207.8 9.770504 22.907318 -10.000375
145.2 260.3 0.834881 20.592451 -9.120416
145.3 86.5 0.923063 20.462885 -9.123561
145.9 224.0 1.045263 21.200983 -9.146671
145.9 83.7 1.166496 19.003038 -9.147452
146.1 351.9 1.221882 20.025328 -9.156254
146.8 212.0 1.239494 19.220171 -9.186584
146.8 271.2 1.048471 19.571518 -9.185076
147.1 182.1 1.029241 18.750042 -9.198986
147.1 265.5 1.04777 21.432795 -9.198872
147.2 155.6 0.976158 22.128412 -9.199149
147.2 63.2 1.12148 18.803619 -9.202531
147.5 219.3 0.973124 21.131554 -9.212766
147.5 310.5 0.999247 19.174301 -9.214338
147.7 166.6 0.869826 19.655626 -9.21891
147.9 271.2 1.103272 20.474064 -9.22965
147.9 278.0 0.974051 19.939648 -9.227987
148.2 24.8 1.109825 18.355804 -9.24167
148.5 166.2 1.03359 18.816919 -9.250429
148.6 346.1 0.891479 20.447685 -9.256581
149.0 113.8 0.909748 19.395288 -9.270533
149.2 164.5 0.837889 19.07736 -9.276155
149.4 49.2 1.103058 20.372492 -9.2845
149.6 246.4 1.149357 18.474506 -9.294165
149.7 315.4 1.022607 19.573874 -9.29502
15.0 353.5 0.974155 21.412796 -9.416184
15.0 62.4 10.762826 24.381847 -11.298109
15.1 64.2 20.393431 19.094152 -7.782328
15.2 286.1 1.039283 21.580494 -9.41625
15.2 313.0 7.708045 22.408869 -11.033988
15.4 322.1 0.998089 20.247896 -9.416274
15.9 208.0 0.957729 18.853022 -9.41625
150.2 115.6 0.961479 21.209368 -9.313778
150.3 52.8 0.957274 19.446487 -9.318179
151.1 67.6 1.049057 20.376362 -9.344639
151.3 166.8 1.114802 19.724154 -9.351459
151.4 100.8 0.920916 20.297922 -9.355598
151.9 173.7 0.987059 21.321545 -9.373273
152.0 268.6 0.867092 21.49297 -9.3765
152.7 117.3 0.964094 20.86079 -9.398372
152.7 159.4 1.069436 19.611961 -9.396686
152.8 160.6 0.79683 20.142401 -9.400303
152.8 173.6 1.009151 22.479156 -9.399447
153.0 27.9 0.930851 19.437496 -9.407898
153.2 167.7 10.700839 22.87022 -10.690989
153.3 74.6 1.044758 18.77417 -9.415133
153.7 258.8 1.069176 19.37854 -9.427773
153.8 170.4 0.802254 19.958103 -9.432214
153.8 53.7 0.835699 21.487225 -9.431448
153.9 240.6 1.050808 17.689711 -9.432952
155.4 76.9 0.941343 21.354813 -9.477994
155.5 272.4 0.918501 19.405231 -9.478597
155.6 178.8 7.515006 24.384932 -12.106895
155.7 337.6 1.070739 18.936892 -9.484937
155.8 297.7 1.041501 18.396191 -9.487145
156.0 296.0 0.910398 21.528658 -9.49157
156.0 83.2 1.097141 21.461454 -9.491716
156.5 212.6 10.513247 16.901016 -7.519789
156.5 86.1 1.022562 21.203417 -9.505324
156.7 261.9 0.975856 20.013456 -9.511046
157.3 250.1 1.128879 20.563303 -9.52449
157.4 237.5 1.225382 17.936747 -9.528467
157.5 33.8 0.980433 20.444527 -9.530146
157.7 101.3 1.031757 20.138397 -9.534726
158.6 66.1 1.079382 20.679699 -9.554186
158.7 300.9 0.89836 20.244686 -9.558309
158.9 116.5 0.88766 20.628323 -9.561862
159.0 220.8 0.958815 20.153978 -9.563003
159.3 56.6 0.9811 19.85367 -9.570891
159.8 68.2 0.969288 19.320879 -9.580824
16.4 193.2 10.94142 15.014565 -8.928331
16.5 240.4 0.883228 19.932709 -9.416039
160.0 119.4 1.248533 19.080742 -9.58436
160.0 211.6 0.982085 17.910078 -9.583781
160.3 121.3 16.981506 11.921394 -6.656078
160.7 124.5 0.963076 21.790607 -9.598532
161.0 341.8 1.185889 20.238228 -9.602997
161.3 174.7 0.967284 20.133179 -9.607952
161.3 277.1 10.109116 22.141718 -10.789931
161.3 88.5 10.898732 20.033592 -9.150208
161.7 278.6 0.726845 21.444416 -9.615864
162.1 58.8 0.857624 20.954195 -9.621568
162.6 61.9 1.046617 18.36771 -9.63091
162.9 341.0 15.808409 15.852712 -7.501568
163.5 91.4 0.966646 19.143564 -9.643514
163.6 188.9 1.030726 20.937977 -9.64608
163.8 344.7 0.995872 19.922993 -9.648199
165.7 101.2 0.889389 20.797165 -9.673387
166.0 334.4 1.141639 20.548122 -9.67698
166.4 93.1 1.031112 20.554495 -9.680794
166.6 59.3 0.843188 20.338955 -9.682603
167.6 175.9 1.071855 21.009748 -9.693628
167.8 316.2 1.138986 20.706411 -9.694891
168.9 97.9 1.096887 19.095486 -9.704563
169.0 331.6 0.891095 22.086744 -9.705647
169.1 71.0 0.882013 19.840694 -9.706675
169.9 268.0 1.07917 20.043034 -9.712183
17.1 243.3 9.772266 22.14365 -8.996684
17.3 169.5 1.174071 19.063627 -9.415239
17.9 2.7 0.944637 18.821402 -9.414409
170.2 192.2 1.025249 18.733864 -9.714702
170.3 92.3 1.027314 19.161848 -9.715092
171.0 334.5 0.980709 21.040323 -9.72012
171.7 152.7 1.1498 19.469036 -9.723722
172.5 168.0 10.316128 20.125298 -10.284932
174.2 145.8 0.933033 20.36697 -9.735554
174.3 210.1 0.980507 20.907091 -9.735749
176.8 63.6 0.977735 21.037655 -9.742725
177.6 204.0 0.888721 18.21677 -9.744065
18.0 185.3 1.131432 19.741302 -9.41414
18.1 145.3 1.044451 20.051548 -9.413937
18.2 359.2 0.871655 20.454515 -9.413822
18.3 37.6 5.302701 23.154943 -11.529771
18.7 101.4 0.989287 19.926964 -9.412591
18.7 152.5 1.008798 20.070856 -9.412576
18.7 210.9 0.966903 19.085272 -9.41277
18.7 58.2 0.947813 21.440962 -9.412648
19.6 322.1 15.600168 14.677616 -6.326686
19.8 102.0 1.189229 19.754507 -9.409478
20.1 93.4 1.024804 19.689989 -9.408314
20.6 311.4 0.901352 20.152245 -9.406219
20.8 23.6 0.940616 20.134785 -9.405078
20.9 219.3 1.046964 20.822193 -9.404728
21.0 257.2 1.046558 19.18334 -9.404109
21.1 54.8 1.152871 20.026405 -9.403798
21.2 316.6 1.047788 19.010176 -9.403212
21.6 298.3 1.022 20.864922 -9.40107
21.7 358.9 0.840551 20.273222 -9.400833
21.9 354.9 0.930487 17.09206 -9.399695
22.4 68.1 1.124056 20.057281 -9.396342
22.7 269.7 0.856406 20.266827 -9.394289
22.8 302.3 0.833554 21.03544 -9.393833
23.2 81.2 1.080305 20.084967 -9.390557
23.9 41.1 1.133853 19.475586 -9.384739
24.1 27.7 1.031257 19.338224 -9.383533
25.0 217.8 1.071435 19.550089 -9.374879
25.1 252.2 0.840185 19.963863 -9.373737
25.3 207.7 1.226233 20.513044 -9.371741
25.3 76.4 1.145013 19.736931 -9.372312
25.4 147.4 1.001522 19.902775 -9.371243
25.5 23.5 1.061457 20.410431 -9.369386
25.6 300.9 0.962664 20.004 -9.36893
25.7 284.4 0.994387 20.09214 -9.367047
25.7 310.7 1.030623 19.704077 -9.367642
25.9 261.5 1.051987 21.091272 -9.365084
26.3 185.0 0.970328 18.444841 -9.360912
26.3 198.4 1.080837 19.598986 -9.361156
26.4 226.6 0.959483 19.56308 -9.359021
26.7 289.7 1.082997 18.398136 -9.356414
26.7 42.4 0.750612 19.486523 -9.355412
26.9 123.6 0.964144 19.49456 -9.353512
27.5 91.8 1.0194 20.423687 -9.345405
27.7 187.7 1.104437 19.703852 -9.343327
27.8 139.5 0.899672 20.204599 -9.341501
27.9 269.1 14.37704 20.477684 -8.881019
27.9 325.0 0.868263 19.458698 -9.3397
28.4 195.4 0.966271 19.883619 -9.333295
28.4 255.8 1.130513 19.967646 -9.332098
28.5 19.4 1.025793 20.046156 -9.331225
29.0 70.2 1.043349 19.653498 -9.324136
29.1 259.6 11.238312 20.918882 -9.143688
29.2 283.4 1.022103 19.393108 -9.320967
29.2 331.9 0.886089 20.02314 -9.320942
29.5 180.7 1.123138 19.452265 -9.315588
29.5 281.3 0.923732 21.680132 -9.315025
30.1 193.2 0.808889 20.971249 -9.30519
30.5 185.8 1.076517 20.059067 -9.298133
30.5 222.1 1.077597 22.322702 -9.297213
30.5 224.9 1.16448 20.174681 -9.298173
30.7 288.4 0.910363 20.083542 -9.293871
30.7 74.1 0.744146 21.271778 -9.294393
30.9 258.8 0.952282 19.921665 -9.290896
30.9 310.1 1.222359 20.260895 -9.289829
31.1 321.0 0.993026 19.080431 -9.286407
31.5 202.1 0.863685 19.860762 -9.279635
31.5 270.3 0.744182 19.223619 -9.27957
32.0 175.8 1.163707 19.180098 -9.269799
32.1 46.5 9.400887 23.795559 -11.03301
32.5 233.9 0.984752 20.977682 -9.259344
33.7 88.4 1.016624 19.881945 -9.232902
33.8 277.0 15.876143 21.708834 -9.854054
33.9 35.7 1.06988 17.825459 -9.227099
34.0 84.2 1.18038 20.957455 -9.226048
34.1 263.7 0.990154 18.661205 -9.224076
34.2 246.3 1.036965 20.732798 -9.22146
34.3 110.9 18.425795 16.517441 -7.317959
34.3 320.1 0.828379 21.29361 -9.21944
34.4 170.2 0.775469 20.234076 -9.215561
34.6 46.2 1.205185 19.427528 -9.210508
34.8 261.9 1.073053 18.954554 -9.207486
35.1 59.0 1.037087 20.453466 -9.199427
36.2 336.2 0.94276 20.828489 -9.170938
37.1 105.0 0.987387 18.698469 -9.146646
37.1 80.0 20.337023 8.762013 -4.496557
37.7 306.6 0.991539 20.09787 -9.132002
38.0 167.4 0.955142 19.760748 -9.121304
38.5 188.0 1.09644 20.125195 -9.10824
38.9 302.7 0.86944 19.836657 -9.096286
39.5 157.0 1.097329 19.930462 -9.079109
39.6 285.4 0.838229 21.75469 -9.077145
40.0 23.4 0.866788 19.162561 -9.063308
40.2 168.8 15.174656 12.291216 -5.526927
40.4 133.6 0.88953 19.618832 -9.052454
40.4 34.6 1.101633 19.28586 -9.053236
40.4 340.9 1.042425 18.948509 -9.050466
40.6 225.2 13.309659 20.267805 -9.720576
40.7 110.2 0.979092 18.994707 -9.042797
40.9 285.3 1.231582 19.097 -9.036075
41.0 48.3 0.928803 19.050301 -9.034869
41.0 66.9 1.083794 18.831339 -9.033695
41.0 85.5 0.942312 19.765615 -9.034477
41.4 93.0 15.097305 12.700815 -5.579406
41.5 150.0 1.068897 19.736252 -9.019247
41.6 196.2 1.007551 19.982943 -9.015661
41.6 282.0 0.931427 19.503618 -9.016322
41.8 333.4 1.028161 20.236893 -9.007325
42.0 182.4 1.087493 19.738567 -9.002501
42.1 26.3 14.887207 17.836924 -8.878573
42.5 344.0 1.052251 20.969694 -8.986024
42.7 243.7 1.058067 20.616791 -8.980426
42.8 176.7 1.154216 19.759039 -8.975758
43.0 211.0 1.015327 20.654121 -8.970558
43.4 127.2 0.893884 18.849804 -8.957829
43.5 308.5 1.029877 19.914333 -8.954521
43.7 271.8 0.992104 22.060453 -8.945802
44.1 97.7 1.169556 20.519812 -8.932773
44.2 256.7 1.005931 19.172199 -8.93093
44.3 357.7 1.015654 20.376444 -8.926024
44.3 6.1 1.021361 19.083025 -8.927655
44.4 216.4 0.933376 21.752512 -8.922871
44.4 58.2 0.869278 21.679394 -8.922691
44.7 134.8 1.06373 20.369762 -8.915659
44.7 255.8 1.018223 18.608006 -8.915366
44.8 175.4 11.928307 27.922195 -12.27944
45.0 160.4 1.09411 19.73502 -8.904185
45.3 153.9 0.930625 21.940248 -8.893323
45.8 128.7 1.051981 18.212515 -8.878867
45.8 241.6 1.084769 22.001833 -8.877124
45.9 111.3 1.079916 19.785461 -8.872993
46.0 246.7 0.917231 19.845427 -8.869424
46.6 177.5 1.005509 19.473717 -8.849141
46.7 21.5 1.025097 19.589342 -8.846093
47.1 69.9 11.800014 19.811239 -10.074089
47.6 287.0 1.077111 19.894451 -8.815152
47.7 280.1 0.999715 21.588896 -8.813123
47.8 90.5 0.852446 21.075575 -8.81089
48.0 334.3 1.135854 19.543709 -8.804192
48.3 203.1 1.029607 21.487955 -8.792327
48.4 198.2 1.104753 19.554262 -8.789638
48.5 127.0 1.116484 19.147161 -8.787625
48.5 255.5 1.020523 19.069664 -8.785775
48.6 166.6 1.111324 17.771551 -8.784104
48.9 260.2 1.150136 20.228956 -8.774155
49.0 60.2 1.018013 21.079319 -8.770896
49.2 300.5 0.988735 19.76404 -8.763961
49.3 38.2 0.955355 20.482 -8.759634
49.6 315.9 0.902347 20.849627 -8.749219
49.6 334.8 1.050541 20.839712 -8.750343
5.8 179.3 1.219294 19.470608 -9.400352
5.8 347.8 0.916711 19.734558 -9.400425
50.0 242.5 1.034768 19.603571 -8.734331
50.1 178.6 0.916754 20.51853 -8.733346
50.1 52.5 0.976658 19.794016 -8.733117
50.4 351.9 10.833825 23.049711 -10.969547
50.8 300.9 0.958021 18.315765 -8.70916
50.9 236.6 0.999593 20.108616 -8.705143
51.0 168.7 0.963278 19.620155 -8.703675
51.7 216.1 1.008157 20.193901 -8.679148
51.9 159.4 15.951844 16.091808 -7.796034
51.9 209.5 1.089655 20.869768 -8.673941
51.9 38.1 0.978848 19.409349 -8.672791
52.0 295.6 1.085107 19.276022 -8.669361
52.1 224.2 0.981539 20.321514 -8.664586
52.8 281.9 0.920642 20.761917 -8.642406
52.8 284.6 0.985969 21.092525 -8.642503
52.8 353.9 0.868449 19.328823 -8.64357
53.4 153.1 1.12668 20.094379 -8.622529
53.6 135.9 1.075231 20.360041 -8.616572
54.2 273.7 1.206122 20.156046 -8.598874
54.3 121.7 0.838147 20.526825 -8.593626
54.4 289.4 1.026785 19.358664 -8.591018
54.6 109.4 16.657101 15.000759 -6.17106
54.9 156.1 1.14646 20.092646 -8.577182
55.3 321.1 0.859519 20.142454 -8.563402
55.5 277.2 1.045812 20.468061 -8.556842
55.5 66.7 0.955303 19.754017 -8.558031
55.7 90.4 0.965951 18.960457 -8.552418
55.9 6.8 0.98387 20.62006 -8.545727
55.9 61.2 0.782035 19.246994 -8.546917
56.0 29.4 1.05571 19.255468 -8.543291
56.1 0.6 0.804033 20.479891 -8.540104
56.2 113.6 8.996601 24.388474 -11.238752
56.3 4.6 1.065673 18.995083 -8.532926
56.4 252.4 0.867655 21.784101 -8.531874
57.0 5.5 1.137228 20.477688 -8.513816
57.3 234.8 0.903097 19.849319 -8.502693
57.4 320.3 1.025471 21.324907 -8.500159
57.8 23.5 0.895847 19.518696 -8.490705
58.0 126.0 0.993077 20.079853 -8.484513
58.2 132.4 1.068717 22.10026 -8.477522
58.2 341.5 1.111126 20.813471 -8.478597
58.4 175.3 1.097149 19.522753 -8.47335
58.5 306.8 1.114592 19.222761 -8.47057
58.8 214.6 0.896969 19.171677 -8.461582
59.3 340.4 0.947001 19.89817 -8.448593
59.4 224.5 1.005624 19.663773 -8.445888
59.7 274.7 1.001656 21.300198 -8.437136
59.8 324.0 0.993429 19.445799 -8.434039
6.1 42.4 16.112967 16.584738 -8.259084
6.4 174.4 1.112125 19.982628 -9.401493
60.1 112.0 0.948852 19.321507 -8.425344
60.1 305.5 1.056616 20.651232 -8.427096
60.2 208.0 0.885833 20.338392 -8.42431
60.3 211.5 0.984954 21.036083 -8.420789
60.6 305.8 1.058455 21.216244 -8.411825
60.8 234.5 0.893864 19.530596 -8.407825
60.8 267.0 0.956567 17.772392 -8.408566
60.8 271.5 1.329198 20.329887 -8.407817
61.0 188.3 1.059756 19.494638 -8.403254
61.1 305.0 1.084244 17.158651 -8.399879
61.4 190.4 0.950746 20.529312 -8.391454
61.5 125.2 0.816102 21.002151 -8.390509
61.5 272.1 1.091855 19.670475 -8.391087
61.6 146.5 0.910473 19.873219 -8.38733
61.7 131.4 11.207157 22.595404 -9.879724
62.0 177.1 0.876792 17.692097 -8.37703
62.0 349.9 1.009201 20.122681 -8.377095
62.1 183.1 0.862785 19.848984 -8.375148
62.3 46.4 0.931147 19.140564 -8.370226
62.4 321.6 1.079549 18.552303 -8.36924
62.5 148.6 1.076618 20.12549 -8.364888
62.5 267.3 1.078462 19.546972 -8.364546
62.6 122.4 1.01929 20.437159 -8.362134
62.6 20.1 0.943297 18.78343 -8.363421
62.6 267.9 21.446997 16.916862 -6.742929
62.8 184.9 0.968841 19.169191 -8.358989
62.8 341.4 1.008621 20.843018 -8.357897
63.0 246.4 1.072504 19.318344 -8.354465
63.4 94.2 0.885277 18.838892 -8.344419
63.5 115.7 0.880122 19.72172 -8.342039
63.6 182.8 0.833756 20.274334 -8.339806
63.8 25.6 7.236163 26.422195 -11.449775
63.8 34.9 11.795576 17.118025 -7.735798
63.9 49.4 1.013597 21.576982 -8.333157
64.1 36.5 1.046591 19.365938 -8.329212
64.2 102.3 1.045862 19.905872 -8.32623
64.2 325.5 1.069933 19.618385 -8.327225
64.3 357.6 1.05411 20.701569 -8.323655
64.4 29.9 0.879942 20.992485 -8.322742
64.4 54.1 0.960573 21.165071 -8.322253
64.5 46.0 15.682241 18.641546 -8.154942
64.5 74.3 1.165406 19.039738 -8.320535
64.7 175.6 12.238341 20.556229 -9.401501
64.7 179.2 1.010466 18.594383 -8.315124
64.9 41.0 0.900208 20.462133 -8.310617
64.9 72.6 0.988122 19.626854 -8.31144
65.2 26.0 1.075926 19.09478 -8.305043
65.2 79.7 1.038365 22.36726 -8.304832
65.4 127.1 0.953571 20.528639 -8.299942
65.6 84.0 13.700458 20.284433 -9.3375
65.7 352.5 1.071358 21.184731 -8.293928
65.8 30.1 11.326949 21.973869 -9.627712
65.9 120.8 0.8419 20.10059 -8.290668
65.9 278.1 1.132363 18.536583 -8.290123
66.2 93.6 1.133113 20.590078 -8.284265
66.3 186.3 0.838251 22.282122 -8.283384
66.6 172.4 0.92562 20.135748 -8.276946
66.7 267.2 0.974156 19.775543 -8.274323
66.7 305.1 0.998901 19.957306 -8.274517
66.7 67.8 0.939568 20.226492 -8.275463
66.9 15.3 1.027402 19.576742 -8.270247
66.9 166.6 0.961704 18.846895 -8.271495
66.9 202.2 0.99011 18.760235 -8.270011
67.0 149.2 0.964002 21.798803 -8.26865
67.2 151.4 1.016703 21.207003 -8.264445
67.3 210.6 11.978276 20.396919 -8.041364
67.4 310.1 0.979235 21.11319 -8.26205
67.6 269.8 1.006251 19.828304 -8.258286
67.7 177.2 0.795797 19.356771 -8.256012
67.8 20.5 1.00124 21.546106 -8.253819
68.0 255.8 1.021984 20.326565 -8.250951
68.1 153.0 14.914974 22.649784 -8.772314
68.1 48.7 8.2327 22.779764 -9.624013
68.2 237.0 1.145809 20.125063 -8.245817
68.6 219.9 0.946448 19.811871 -8.239738
68.6 74.6 0.924008 20.681684 -8.238598
68.8 316.1 1.066118 18.946833 -8.235028
69.1 295.9 1.04785 20.897112 -8.23141
69.1 309.6 1.008916 19.337643 -8.229878
69.1 332.4 1.135648 19.916098 -8.230106
69.2 230.7 0.957371 19.747606 -8.229357
69.3 271.6 0.927585 21.402 -8.226749
69.4 291.6 1.18953 17.550295 -8.225258
69.5 179.1 14.716195 21.304144 -7.818346
69.5 289.1 0.929729 19.415705 -8.223408
69.6 290.8 0.856624 18.878159 -8.221941
69.7 136.3 1.234597 20.555727 -8.22067
69.9 131.8 1.022952 19.998919 -8.217264
7.2 115.8 1.231019 17.766298 -9.403122
7.8 339.7 0.960984 19.068773 -9.404427
70.0 83.5 1.076134 19.993647 -8.214836
70.1 226.3 1.072259 21.599613 -8.214232
70.2 149.1 0.93207 22.507246 -8.212749
70.3 246.6 0.989813 20.4515 -8.210468
70.4 154.8 1.033315 20.917582 -8.208855
70.5 73.0 0.835449 18.683155 -8.207005
70.8 15.1 0.969481 19.72784 -8.203508
71.3 216.8 0.926861 18.745903 -8.19461
71.4 118.4 0.93443 18.787216 -8.194032
71.4 203.4 16.390413 18.148363 -6.988323
71.5 60.4 0.985658 20.764902 -8.192328
71.8 100.5 1.057682 17.786415 -8.187896
72.0 156.5 1.016128 20.711298 -8.183935
72.0 316.9 0.929612 20.570435 -8.185142
72.1 171.3 1.020436 19.438772 -8.183324
72.2 316.4 1.094168 18.054026 -8.181995
72.4 146.2 0.997032 16.792768 -8.17938
72.7 237.1 0.96188 18.31834 -8.174825
72.8 250.7 0.893215 21.596304 -8.173162
73.6 49.8 14.165678 19.801943 -7.954106
73.6 53.6 0.992002 21.127703 -8.161461
73.8 242.3 1.026794 19.637642 -8.159521
73.9 267.9 22.085737 18.413425 -6.132255
74.1 226.1 0.92557 18.906483 -8.1553
74.2 193.7 0.836994 21.778536 -8.153426
74.3 100.2 16.898766 16.246382 -5.530106
74.3 345.8 0.895114 20.237545 -8.152741
74.3 79.8 9.205585 19.345343 -6.43932
74.3 9.3 1.097255 19.173943 -8.152555
74.6 18.2 0.830129 20.778379 -8.148928
74.7 13.3 1.117154 18.818483 -8.146989
74.9 134.9 11.947109 20.618889 -8.95105
74.9 213.7 1.153564 20.532616 -8.145408
74.9 7.6 8.971227 29.586887 -12.665401
75.0 304.2 0.947073 19.611637 -8.144217
75.0 327.3 15.463656 12.498815 -4.958742
75.2 307.1 0.877809 19.996803 -8.140974
75.4 101.8 10.00319 26.975243 -10.76687
75.4 243.6 1.017233 20.947044 -8.139035
75.4 27.1 1.080248 19.717751 -8.138155
75.6 189.5 1.065322 20.488813 -8.136688
75.7 12.2 11.181046 20.368809 -8.835728
75.8 215.8 7.960268 27.701052 -11.629261
75.8 86.1 1.008706 20.480705 -8.13382
76.1 23.7 0.878992 21.279379 -8.130446
76.2 230.1 1.069013 20.076519 -8.129371
76.2 284.2 1.062849 18.734438 -8.129379
76.3 256.7 1.172754 21.263546 -8.127513
76.5 316.8 1.064604 18.799809 -8.125565
76.7 265.2 0.82347 19.467276 -8.12308
76.8 118.1 0.910265 20.973921 -8.122249
76.8 159.8 0.888632 20.0389 -8.122184
76.9 343.9 0.708588 18.644854 -8.12079
77.1 312.9 12.137906 25.847441 -11.331242
77.1 69.1 1.021 19.357773 -8.11819
77.3 2.2 1.203597 19.412033 -8.116267
77.3 233.3 8.961889 21.255482 -8.676711
77.4 151.6 0.964555 19.185061 -8.115191
77.5 333.4 1.027736 21.430296 -8.113855
77.5 340.3 0.793903 20.445276 -8.113644
77.5 85.4 1.065215 20.807186 -8.114361
77.6 333.1 0.819373 20.36927 -8.112975
77.7 236.0 0.959649 20.708502 -8.111395
77.7 254.3 1.044355 19.197605 -8.112136
77.8 294.6 1.138298 19.444921 -8.110482
77.8 76.1 1.01894 19.744804 -8.110759
78.2 36.9 1.009376 21.013939 -8.105478
78.7 132.3 1.199653 21.313408 -8.10028
78.7 222.3 1.058002 20.668941 -8.100312
78.8 2.7 0.968546 19.923466 -8.099236
78.8 228.1 18.878241 17.123583 -5.962955
78.8 311.6 1.139701 21.523159 -8.099774
78.9 291.1 16.44243 16.008562 -6.009371
78.9 30.7 0.948947 19.141359 -8.098772
78.9 77.6 0.985018 19.948668 -8.098503
79.3 188.0 14.387315 22.99651 -9.65664
79.3 220.4 1.145426 20.074789 -8.094005
79.3 354.6 1.065822 19.829353 -8.093581
79.4 102.9 1.022479 18.280027 -8.093386
79.6 169.9 14.666819 20.364321 -8.606583
79.6 262.0 0.968578 22.106863 -8.090827
79.8 105.4 0.897677 19.560335 -8.089131
79.8 306.4 0.988539 22.023737 -8.088774
79.9 152.7 0.925997 19.687325 -8.087698
79.9 273.7 0.923228 19.450331 -8.088186
79.9 314.2 0.96941 19.238285 -8.087648
8.1 78.8 0.897795 20.504711 -9.404915
80.2 22.5 0.872917 18.523233 -8.084878
80.2 30.8 0.924728 19.959248 -8.084291
80.5 143.3 0.94491 21.133341 -8.081505
80.5 151.7 0.982388 19.273857 -8.081399
80.6 7.0 1.044563 20.871288 -8.080885
80.7 31.0 1.032665 20.166115 -8.078995
80.8 176.3 0.804811 20.070976 -8.078261
81.1 183.3 0.89271 20.891718 -8.075751
81.1 249.3 0.746835 18.865553 -8.07501
81.1 277.3 0.905713 21.10335 -8.075588
81.1 319.6 0.945058 19.380453 -8.075441
81.2 170.1 1.07815 22.045509 -8.074057
81.2 238.3 12.769598 22.299229 -9.325521
81.5 200.0 1.087269 23.185619 -8.07122
81.5 229.6 0.928224 20.655512 -8.070943
81.5 96.9 1.01089 16.98171 -8.071204
81.6 203.8 0.949135 19.623213 -8.069819
81.8 116.8 1.099351 20.184872 -8.068172
81.8 24.1 1.01858 19.550465 -8.06801
82.1 150.9 0.923081 20.252293 -8.064864
82.1 269.9 1.246727 19.294584 -8.065305
82.2 158.9 0.972862 19.986307 -8.06387
82.2 55.2 0.93254 21.262394 -8.064294
82.4 131.5 0.872283 19.482418 -8.062078
82.4 25.1 0.944375 21.506035 -8.061735
82.5 201.1 12.760588 24.238708 -9.929334
82.6 212.9 12.774028 16.978653 -7.017968
82.9 107.5 0.862173 20.18523 -8.056813
82.9 131.9 1.090678 19.601444 -8.056895
82.9 34.0 0.940044 20.01811 -8.057693
83.0 85.8 1.135966 21.637758 -8.055771
83.1 183.3 1.115259 19.829803 -8.055249
83.1 202.3 0.933189 20.913557 -8.05476
83.1 347.4 14.227761 20.519291 -9.28859
83.2 308.5 1.163984 18.486145 -8.054109
83.6 34.1 0.951951 19.262915 -8.050041
83.7 122.2 0.990924 19.935713 -8.049741
83.7 272.7 1.09262 18.87694 -8.049349
83.8 195.4 1.035457 19.161121 -8.0482
83.8 224.1 0.863546 21.38607 -8.048257
83.9 188.9 0.96379 18.900761 -8.047279
84.0 338.1 1.006443 19.834213 -8.046546
84.0 6.3 1.005835 20.339725 -8.04609
84.2 257.2 0.91895 20.667467 -8.044086
84.3 134.1 0.997731 19.547176 -8.04402
84.3 166.1 0.9977 17.958994 -8.043116
84.3 260.1 1.020028 21.197189 -8.043157
84.3 38.2 0.893428 20.039259 -8.043157
84.3 99.6 0.801699 19.521358 -8.043776
84.4 180.1 14.816733 16.458736 -5.11696
84.4 265.4 1.030066 19.186834 -8.042675
84.4 318.0 1.109119 19.44791 -8.043058
84.5 152.2 0.987034 19.537128 -8.041705
84.7 327.5 0.933154 21.479425 -8.039847
84.8 153.2 1.121561 19.199423 -8.039139
84.8 179.3 1.001356 21.79166 -8.039146
84.8 282.3 1.047143 20.505564 -8.039065
84.9 8.9 1.074588 21.590992 -8.037631
85.0 134.7 1.224666 19.932339 -8.03693
85.2 14.1 9.88717 24.691135 -10.280857
85.2 152.1 1.012063 19.725937 -8.034453
85.2 62.4 0.875059 20.167709 -8.034975
85.3 155.7 0.917602 19.978758 -8.034371
85.3 202.2 0.859748 19.22912 -8.033541
85.8 214.8 1.210909 20.405542 -8.029107
85.8 248.2 0.974405 20.105394 -8.028944
85.8 251.4 1.099024 20.269594 -8.028994
86.0 255.0 1.084949 19.402494 -8.027314
86.1 111.0 1.054285 20.271183 -8.026745
86.1 118.6 1.027504 19.469919 -8.026598
86.1 218.5 0.950011 21.233503 -8.025815
86.2 41.8 0.90401 20.572887 -8.025521
86.4 21.0 0.856368 21.085289 -8.02368
86.6 211.4 1.076637 19.668644 -8.021741
86.6 78.8 1.087522 20.838522 -8.021481
86.9 156.8 1.18381 19.903849 -8.018938
87.3 299.0 1.218329 19.921572 -8.014896
87.3 52.8 0.955654 19.504192 -8.014603
87.4 232.3 0.962419 19.823782 -8.013674
87.5 111.8 0.931536 21.704266 -8.013218
87.5 95.3 0.706194 19.063313 -8.012753
87.7 258.6 1.187358 18.768759 -8.01118
88.3 344.1 0.922504 20.648413 -8.005981
88.4 99.6 7.219128 26.932108 -11.781237
88.5 291.5 0.826833 20.833477 -8.00352
88.8 295.3 0.969816 20.709236 -8.000489
88.9 343.7 0.875162 20.309568 -7.999609
89.0 282.5 12.968739 24.025965 -9.839647
89.0 96.3 0.922219 20.520292 -7.99894
89.2 111.9 0.880159 19.273224 -7.997001
89.2 171.3 1.061933 19.283031 -7.997408
89.4 233.9 14.705056 22.251865 -9.773659
89.5 101.4 1.077132 18.07464 -7.994532
89.6 211.6 0.883461 18.78582 -7.993839
89.7 21.6 0.918915 19.061602 -7.992519
89.8 57.5 1.07787 20.88306 -7.991541
89.9 204.1 1.104888 20.213121 -7.990238
89.9 249.5 0.875516 19.386955 -7.990385
90.1 324.1 0.967551 21.282274 -7.989194
90.2 227.1 1.071128 19.967775 -7.987907
90.3 161.2 1.111179 19.698114 -7.987385
90.4 288.0 11.348398 22.303602 -8.330564
90.5 208.7 1.071613 19.513346 -7.98525
90.5 217.7 1.081458 19.050838 -7.98499
90.7 261.1 1.14684 19.028067 -7.983311
90.8 259.7 1.088699 19.878138 -7.982203
90.9 289.7 1.021734 18.654097 -7.981242
91.2 102.5 1.040643 20.212744 -7.97896
91.4 118.2 0.929788 21.579191 -7.976824
91.5 150.9 1.036883 19.207441 -7.976075
91.5 19.3 1.161013 20.190157 -7.975716
91.6 83.7 1.249691 20.136292 -7.975179
91.7 62.3 18.210146 11.330379 -4.515935
91.9 192.6 1.021273 21.696756 -7.972115
92.1 326.1 0.895079 20.212391 -7.971169
92.2 226.9 1.008577 19.210958 -7.969686
92.3 121.5 0.893302 19.276363 -7.968887
92.3 180.2 1.041271 18.350702 -7.969385
92.4 321.6 0.862201 20.461187 -7.968285
92.4 357.5 1.070373 21.590418 -7.968301
92.6 118.4 1.067482 20.249968 -7.966248
92.7 10.2 0.922824 19.62533 -7.965302
92.7 139.0 0.792717 20.31814 -7.965579
92.7 199.4 13.38279 20.84132 -6.987133
92.7 357.9 1.098188 20.801512 -7.965123
92.8 321.4 1.162531 19.100492 -7.964324
92.9 5.1 14.556338 24.837866 -10.298491
93.1 134.3 1.006713 19.18178 -7.962271
93.1 192.8 21.457813 10.250072 -4.764377
93.1 195.9 0.943099 17.962759 -7.961823
93.2 143.8 0.970294 20.762594 -7.961472
93.6 175.9 0.997302 20.286236 -7.957284
93.9 220.2 1.116488 21.879347 -7.95492
93.9 67.3 1.125339 20.810324 -7.955246
94.0 154.3 0.986792 19.669893 -7.954106
94.0 181.4 1.186521 21.059338 -7.954627
94.2 248.3 0.871804 20.708773 -7.952248
94.3 274.3 1.260434 21.585052 -7.951742
94.4 71.4 1.055254 19.834141 -7.950813
94.8 11.1 0.950999 20.885592 -7.947423
94.8 246.7 0.880572 21.414579 -7.947717
94.8 334.9 0.742085 20.044371 -7.947635
94.9 223.9 11.402936 21.653088 -8.623532
95.0 48.3 12.304845 20.670637 -8.680085
95.2 60.9 0.978178 19.975664 -7.944474
95.3 92.7 0.931813 21.221443 -7.943822
95.4 198.7 1.12001 21.233885 -7.942909
95.7 260.5 0.852026 21.964548 -7.939894
95.8 183.2 1.024765 19.676176 -7.939112
95.8 63.2 0.910337 20.424395 -7.9396
96.0 225.4 0.980532 19.033146 -7.937955
96.0 46.2 0.932672 20.631823 -7.937645
96.4 245.0 0.94925 20.057102 -7.934516
96.4 63.5 0.939266 20.206057 -7.935102
96.5 64.2 1.004324 19.4807 -7.93432
96.7 156.5 0.844313 19.371777 -7.932544
96.7 236.0 1.156523 20.772976 -7.932854
96.9 83.0 0.803509 19.413143 -7.930817
97.1 244.6 0.965395 20.033686 -7.929317
97.3 141.5 0.815393 19.632187 -7.928208
97.3 277.5 0.903198 19.528885 -7.927932
97.5 87.1 1.295758 19.463392 -7.926432
97.7 314.0 1.026119 18.793135 -7.925137
98.0 354.0 0.89032 19.403442 -7.923596
98.1 84.0 1.107408 20.445873 -7.922847
98.2 207.6 0.997737 20.484249 -7.922276
98.3 120.6 1.041428 20.347431 -7.921054
98.3 217.6 1.111427 19.899925 -7.921592
98.3 32.0 1.110793 18.919628 -7.921095
98.4 243.2 1.071874 18.539894 -7.920924
98.5 77.7 0.960821 19.817085 -7.920174
99.0 287.4 1.114973 19.935717 -7.91698
99.2 141.8 0.940541 19.137392 -7.915415
99.2 159.9 13.890915 18.279444 -7.915855
99.2 253.8 1.006837 19.098585 -7.915839
99.8 22.2 1.023198 19.03125 -7.911993
99.9 51.5 1.02982 21.134624 -7.91178
